Statistics.
COUNT: 400
Mean: 241.91228070175438
Median: 239.0
Mode: [393.0, 170.0]
Standard deviation: 145.21124470416453
Variance: 21086.30558853275


Time of execution: 0.000000 milliseconds
