Statistics.
COUNT: 1977
Mean: 250.7840161861406
Median: 247.0
Mode: 230.0
Standard deviation: 144.17131868884059
Variance: 20785.369132479238


Time of execution: 15.663624 milliseconds
