Statistics.
COUNT: 311
Mean: 241.49511400651465
Median: 241.0
Mode: 393.0
Standard deviation: 145.46484786056646
Variance: 21160.021963097748


Time of execution: 15.644550 milliseconds
