Statistics.
COUNT: 400
Mean: 242.32
Median: 239.5
Mode: 393.0
Standard deviation: 145.25810683056557
Variance: 21152.79959899749


Time of execution: 0.000000 milliseconds
